14159265358979323846264338327950288419716939937510582
0974944592307816406286208998628034825342117067982148086513
2823066470938446095505822317253594081284811174502841027019
3852110555964462294895493038196442881097566593344612847564
8233786783165271201909145648566923460348610454326648213393
6072602491412737245870066063155881748815209209628292540917
1536436789259036001133053054882046652138414695194151160943
3057270365759591953092186117381932611793105118548074462379
9627495673518857527248912279381830119491298336733624406566
4308602139494639522473719070217986094370277053921717629317
6752384674818467669405132000568127145263560827785771342757
7896091736371787214684409012249534301465495853710507922796
8925892354201995611212902196086403441815981362977477130996
0518707211349999998372978049951059731732816096318595024459
4553469083026425223082533446850352619311881710100031378387
5288658753320838142061717766914730359825349042875546873115
9562863882353787593751957781857780532171226806613001927876
611195909216420198